	rec		sam		simple
phon	f1	f2	f1	f2	f1	f2
----------------------------------------------------
ae	793	1376	636	1650	756	1273
ay	558	1669	468	1908	518	1625
a	652	962	682	1065	635	1009
e	595	1508	480	1750	584	1410
y	188	2132	261	2231	209	1828
i	488	1733	369	1906	515	1661
o	478	744	471	801	478	970
w	249	750	322	800	270	961
uu	479	958	420	949	484	1019
u	629	1161	589	1156	622	1110
sh_v	0	2327	263	1751	219	2075
v	0	1182	200	1067	208	1372
th_v	0	1170	263	1256	183	1147
z	0	1186	250	1370	221	1163
m	0	1105	160	1214	180	1139
n	0	1292	161	1434	172	1111
ng	0	0	159	2227	172	995
r	476	1246	469	1324	479	1188
l	442	792	400	850	439	958

SAM thinks that nasal formant is f2 for [ng]

SAM (Software Automatic Mouth): https://github.com/vidarh/SAM
